('D = ', [0.006259856485089718, -0.025837543258201947, -0.0008475280266289881, 0.0011709583539659496, 0.0])
('K = ', [409.96371517282824, 0.0, 478.369916980793, 0.0, 410.75509004517414, 286.50006114507227, 0.0, 0.0, 1.0])
('R = ', [1.0, 0.0, 0.0, 0.0, 1.0, 0.0, 0.0, 0.0, 1.0])
('P = ', [388.9263916015625, 0.0, 480.22367554985976, 0.0, 0.0, 408.2515869140625, 285.12754011176, 0.0, 0.0, 0.0, 1.0, 0.0])
None
# oST version 5.0 parameters


[image]

width
960

height
600

[narrow_stereo]

camera matrix
409.963715 0.000000 478.369917
0.000000 410.755090 286.500061
0.000000 0.000000 1.000000

distortion
0.006260 -0.025838 -0.000848 0.001171 0.000000

rectification
1.000000 0.000000 0.000000
0.000000 1.000000 0.000000
0.000000 0.000000 1.000000

projection
388.926392 0.000000 480.223676 0.000000
0.000000 408.251587 285.127540 0.000000
0.000000 0.000000 1.000000 0.000000

---------------------------------------------------

('D = ', [0.0045746891190022974, -0.02343381700044202, -0.0006267443584288398, 0.001170981545289317, 0.0])
('K = ', [410.1407953364398, 0.0, 477.1751162124048, 0.0, 411.23094794597665, 286.0524304974213, 0.0, 0.0, 1.0])
('R = ', [1.0, 0.0, 0.0, 0.0, 1.0, 0.0, 0.0, 0.0, 1.0])
('P = ', [390.712890625, 0.0, 478.672438650392, 0.0, 0.0, 408.66998291015625, 284.83587628132955, 0.0, 0.0, 0.0, 1.0, 0.0])
None
# oST version 5.0 parameters


[image]

width
960

height
600

[narrow_stereo]

camera matrix
410.140795 0.000000 477.175116
0.000000 411.230948 286.052430
0.000000 0.000000 1.000000

distortion
0.004575 -0.023434 -0.000627 0.001171 0.000000

rectification
1.000000 0.000000 0.000000
0.000000 1.000000 0.000000
0.000000 0.000000 1.000000

projection
390.712891 0.000000 478.672439 0.000000
0.000000 408.669983 284.835876 0.000000
0.000000 0.000000 1.000000 0.000000






