header: 
  seq: 118272
  stamp: 
    secs: 1624529161
    nsecs: 214791000
  frame_id: /left_hand_camera
height: 600
width: 960
distortion_model: plumb_bob
D: [0.0239812600747, -0.0575400201492, 0.000394346552121, 0.00115105946668, 0.0144601024995]
K: [406.565339696, 0.0, 639.733673387, 0.0, 406.565339696, 387.562659049, 0.0, 0.0, 1.0]
R: [1.0, 0.0, 0.0, 0.0, 1.0, 0.0, 0.0, 0.0, 1.0]
P: [406.565339696, 0.0, 479.73367338699995, 0.0, 0.0, 406.565339696, 287.562659049, 0.0, 0.0, 0.0, 1.0, 0.0]
binning_x: 1
binning_y: 1
roi: 
  x_offset: 160
  y_offset: 100
  height: 600
  width: 960
  do_rectify: False

